2024-11-01 13:32:37,418 - INFO - Bitcoin HMM analysis started.
2024-11-01 13:32:37,419 - INFO - Main execution started.
2024-11-01 13:32:37,420 - INFO - Loading data from ./BTC_1H.csv.
2024-11-01 13:32:37,548 - INFO - Initial data shape: (24835, 6)
2024-11-01 13:32:37,548 - INFO - Creating datetime index.
2024-11-01 13:32:37,564 - INFO - Calculating technical indicators.
2024-11-01 13:32:37,640 - INFO - Donchian Channel columns available: ['DCL_20_20', 'DCM_20_20', 'DCU_20_20']
2024-11-01 13:32:38,557 - WARNING - pandas_ta.trange not found. Calculating True Range manually.
2024-11-01 13:34:17,024 - INFO - Bitcoin HMM analysis started.
2024-11-01 13:34:17,025 - INFO - Main execution started.
2024-11-01 13:34:17,025 - INFO - Loading data from ./BTC_1H.csv.
2024-11-01 13:34:17,070 - INFO - Initial data shape: (24835, 6)
2024-11-01 13:34:17,070 - INFO - Creating datetime index.
2024-11-01 13:34:17,071 - INFO - Calculating technical indicators.
2024-11-01 13:34:17,110 - INFO - Donchian Channel columns available: ['DCL_20_20', 'DCM_20_20', 'DCU_20_20']
2024-11-01 13:34:17,703 - WARNING - pandas_ta.trange not found. Calculating True Range manually.
2024-11-01 13:34:17,718 - INFO - Replacing infinite values with NaN.
2024-11-01 13:34:17,735 - INFO - Dropping NaN values.
2024-11-01 13:34:17,742 - INFO - Data preprocessed. Final shape (24802, 21). Data loss: 0.13%
2024-11-01 13:34:17,744 - INFO - Starting hyperparameter tuning.
2024-11-01 13:34:17,755 - INFO - Performing feature selection and PCA.
2024-11-01 13:34:17,786 - INFO - PCA reduced the number of features to 5 components.
2024-11-01 13:34:17,786 - INFO - Training HMM with 2 components and full covariance type for hyperparameter tuning.
2024-11-01 13:34:18,915 - INFO - Score for 2 components and full: -182489.78
2024-11-01 13:34:18,915 - INFO - Training HMM with 2 components and diag covariance type for hyperparameter tuning.
2024-11-01 13:34:19,602 - INFO - Score for 2 components and diag: -185858.95
2024-11-01 13:34:19,603 - INFO - Training HMM with 3 components and full covariance type for hyperparameter tuning.
2024-11-01 13:34:23,856 - INFO - Score for 3 components and full: -170240.01
2024-11-01 13:34:23,856 - INFO - Training HMM with 3 components and diag covariance type for hyperparameter tuning.
2024-11-01 13:34:27,038 - INFO - Score for 3 components and diag: -175201.93
2024-11-01 13:34:27,039 - INFO - Training HMM with 4 components and full covariance type for hyperparameter tuning.
2024-11-01 13:34:33,685 - INFO - Score for 4 components and full: -160351.96
2024-11-01 13:34:33,685 - INFO - Training HMM with 4 components and diag covariance type for hyperparameter tuning.
2024-11-01 13:34:35,072 - INFO - Score for 4 components and diag: -164778.78
2024-11-01 13:34:35,072 - INFO - Training HMM with 5 components and full covariance type for hyperparameter tuning.
2024-11-01 13:34:53,741 - INFO - Score for 5 components and full: -153384.13
2024-11-01 13:34:53,742 - INFO - Training HMM with 5 components and diag covariance type for hyperparameter tuning.
2024-11-01 13:35:11,933 - INFO - Score for 5 components and diag: -169641.00
2024-11-01 13:35:11,934 - INFO - Best parameters found: {'n_components': 5, 'covariance_type': 'full'} with score -153384.13
2024-11-01 13:35:11,934 - INFO - Training HMM model with best parameters.
2024-11-01 13:35:11,935 - INFO - Training HMM with 5 components and full covariance type.
2024-11-01 13:35:11,936 - INFO - Normalizing features.
2024-11-01 13:35:11,943 - INFO - Applying PCA for dimensionality reduction.
2024-11-01 13:35:11,943 - INFO - Performing feature selection and PCA.
2024-11-01 13:35:11,949 - INFO - PCA reduced the number of features to 5 components.
2024-11-01 13:35:11,949 - INFO - Fitting HMM model.
2024-11-01 13:35:31,195 - INFO - HMM training completed in 19.25 seconds.
2024-11-01 13:35:31,195 - INFO - Converged: True after 183 iterations.
2024-11-01 13:35:31,220 - INFO - Log-Likelihood: -153384.13
2024-11-01 13:35:31,220 - INFO - AIC: 306976.27
2024-11-01 13:35:31,220 - INFO - BIC: 307820.61
2024-11-01 13:35:31,222 - INFO - Cross-validating HMM model.
2024-11-01 13:35:31,222 - INFO - Starting cross-validation.
2024-11-01 13:35:31,238 - INFO - Fold 1 for cross-validation.
2024-11-01 13:35:33,063 - INFO - Log-Likelihood on test set: -40923.81
2024-11-01 13:35:33,063 - INFO - Fold 2 for cross-validation.
2024-11-01 13:35:35,697 - INFO - Log-Likelihood on test set: -24370.60
2024-11-01 13:35:35,697 - INFO - Fold 3 for cross-validation.
2024-11-01 13:35:38,932 - INFO - Log-Likelihood on test set: -24922.45
2024-11-01 13:35:38,933 - INFO - Fold 4 for cross-validation.
2024-11-01 13:35:46,237 - INFO - Log-Likelihood on test set: -86629.76
2024-11-01 13:35:46,237 - INFO - Fold 5 for cross-validation.
2024-11-01 13:35:51,488 - INFO - Log-Likelihood on test set: -37495.65
2024-11-01 13:35:51,488 - INFO - Average Log-Likelihood over 5 folds: -42868.45
2024-11-01 13:35:51,489 - INFO - Predicting states.
2024-11-01 13:35:51,490 - INFO - Predicting states.
2024-11-01 13:35:51,509 - INFO - States predicted. Unique states: [0 1 2 3 4]
2024-11-01 13:35:51,510 - INFO - Saving state changes.
2024-11-01 13:35:51,545 - INFO - State changes have been saved to data/bitcoin_state_changes.csv
2024-11-01 13:35:51,545 - INFO - Analyzing states.
2024-11-01 13:35:51,546 - INFO - Analyzing states.
2024-11-01 13:35:51,550 - INFO - Analyzing State 0.
2024-11-01 13:35:51,682 - INFO - State 0 statistics:
            ADX_14       ATR_14  ...       RSI_14        EMA_10
count  5983.000000  5983.000000  ...  5983.000000   5983.000000
mean     32.486267   186.241372  ...    49.640065  23892.195935
std       9.377923    86.514756  ...    14.076185   4235.039781
min       8.869326    16.617734  ...    13.382617  15749.298280
25%      25.893547   129.114538  ...    39.158462  20336.233662
50%      31.810667   174.689892  ...    49.164537  23500.068366
75%      38.582540   225.895204  ...    59.774153  27589.529580
max      69.744702   676.684208  ...    91.506692  31266.486434

[8 rows x 14 columns]
2024-11-01 13:35:51,683 - INFO - Number of periods in State 0: 5983
2024-11-01 13:35:51,684 - INFO - Analyzing State 1.
2024-11-01 13:35:51,791 - INFO - State 1 statistics:
            ADX_14       ATR_14  ...       RSI_14        EMA_10
count  4988.000000  4988.000000  ...  4988.000000   4988.000000
mean     28.116474   296.681919  ...    56.149977  40623.966994
std      13.459870   104.684102  ...    11.228318   6040.249207
min       6.466348    84.031032  ...    21.710957  19760.320710
25%      18.250106   223.554436  ...    48.333676  37938.914970
50%      25.439571   283.186308  ...    54.963580  41840.381022
75%      34.301763   346.041934  ...    62.998135  43725.744043
max      74.451880   803.874288  ...    92.207767  54858.947192

[8 rows x 14 columns]
2024-11-01 13:35:51,792 - INFO - Number of periods in State 1: 4988
2024-11-01 13:35:51,793 - INFO - Analyzing State 2.
2024-11-01 13:35:51,902 - INFO - State 2 statistics:
            ADX_14       ATR_14  ...       RSI_14        EMA_10
count  4300.000000  4300.000000  ...  4300.000000   4300.000000
mean     25.642854   422.542538  ...    55.796869  64627.712400
std      11.691617   163.458210  ...     9.985290   4034.417775
min       6.936459    97.379805  ...    21.311294  52847.109824
25%      17.512124   317.918631  ...    48.850697  61656.034375
50%      23.039143   403.518489  ...    55.040293  64711.488038
75%      30.491936   500.218230  ...    61.889586  67756.573417
max      71.777471  1324.787242  ...    88.756946  73217.747454

[8 rows x 14 columns]
2024-11-01 13:35:51,903 - INFO - Number of periods in State 2: 4300
2024-11-01 13:35:51,904 - INFO - Analyzing State 3.
2024-11-01 13:35:52,026 - INFO - State 3 statistics:
            ADX_14       ATR_14  ...       RSI_14        EMA_10
count  3464.000000  3464.000000  ...  3464.000000   3464.000000
mean     38.168715   484.024794  ...    37.510864  48795.013029
std      11.944133   221.186956  ...     9.648434  14561.466093
min      12.229396   104.460713  ...     5.988934  16356.716029
25%      29.898225   338.151144  ...    30.995998  38460.801375
50%      36.684302   434.099852  ...    37.675329  44893.115482
75%      44.957483   567.278608  ...    43.845653  62330.173147
max      80.578740  1623.779373  ...    90.140839  72846.711639

[8 rows x 14 columns]
2024-11-01 13:35:52,027 - INFO - Number of periods in State 3: 3464
2024-11-01 13:35:52,028 - INFO - Analyzing State 4.
2024-11-01 13:35:52,163 - INFO - State 4 statistics:
            ADX_14       ATR_14  ...       RSI_14        EMA_10
count  6067.000000  6067.000000  ...  6067.000000   6067.000000
mean     18.071950   112.842281  ...    49.956084  24534.286214
std       4.791565    49.776602  ...     6.955265   5195.566145
min       6.600098    15.224722  ...    19.060315  16204.041841
25%      14.300295    74.643864  ...    45.336873  19826.445923
50%      17.771586   109.459617  ...    49.997130  25885.064852
75%      21.558739   150.025031  ...    54.413224  28954.744117
max      31.678016   305.871922  ...    79.477593  37788.525211

[8 rows x 14 columns]
2024-11-01 13:35:52,163 - INFO - Number of periods in State 4: 6067
2024-11-01 13:35:52,165 - INFO - Calculating model accuracy.
2024-11-01 13:35:52,166 - INFO - Calculating model accuracy with Silhouette Score.
2024-11-01 13:35:52,166 - INFO - Calculating Silhouette Score.
2024-11-01 13:36:05,163 - INFO - Silhouette Score: 0.1566
2024-11-01 13:36:05,165 - INFO - Calculating feature weights.
2024-11-01 13:36:05,165 - INFO - Calculating feature weights using Fisher's Score.
2024-11-01 13:36:05,345 - INFO - Feature Weights (Normalized Fisher's Score):
2024-11-01 13:36:05,345 - INFO - ADX_14: 0.0105
2024-11-01 13:36:05,345 - INFO - ATR_14: 0.0288
2024-11-01 13:36:05,346 - INFO - DCH_20: 0.1181
2024-11-01 13:36:05,349 - INFO - DCL_20_20: 0.1121
2024-11-01 13:36:05,350 - INFO - LINREG_10: 0.1169
2024-11-01 13:36:05,350 - INFO - MACD_12_26_9: 0.0191
2024-11-01 13:36:05,350 - INFO - TR: 0.0102
2024-11-01 13:36:05,351 - INFO - STOCHRSI_K_14: 0.0001
2024-11-01 13:36:05,351 - INFO - KAMA_10: 0.1159
2024-11-01 13:36:05,352 - INFO - Bollinger_High: 0.1179
2024-11-01 13:36:05,352 - INFO - Bollinger_Middle: 0.1151
2024-11-01 13:36:05,353 - INFO - Bollinger_Low: 0.1114
2024-11-01 13:36:05,353 - INFO - RSI_14: 0.0077
2024-11-01 13:36:05,353 - INFO - EMA_10: 0.1162
2024-11-01 13:36:05,360 - INFO - Transition Matrix:
[[9.61996323e-001 3.52816565e-003 0.00000000e+000 2.69328650e-003
  3.17822248e-002]
 [3.58193848e-003 9.79741391e-001 3.51517069e-004 1.46005005e-002
  1.72465304e-003]
 [0.00000000e+000 2.93366738e-160 9.86237218e-001 1.37627819e-002
  0.00000000e+000]
 [6.19721548e-003 2.00884539e-002 1.64465189e-002 9.57267812e-001
  6.17728180e-128]
 [3.11635440e-002 1.42693843e-003 0.00000000e+000 3.38737988e-004
  9.67070780e-001]]
2024-11-01 13:36:05,361 - INFO - Printing means and covariances of each state.
2024-11-01 13:36:05,365 - INFO - State 0 (State 0):
Mean: [-2.40971816 -0.09402906  0.41769352 -0.05797778  0.17600536]
Covariance: [[ 0.53964608  0.00951655 -0.08085387  0.00967823 -0.12564083]
 [ 0.00951655  1.29967903  0.23228999  0.18825448 -0.20326227]
 [-0.08085387  0.23228999  0.38091901  0.1329056   0.08105233]
 [ 0.00967823  0.18825448  0.1329056   0.96533648  0.01182076]
 [-0.12564083 -0.20326227  0.08105233  0.01182076  0.62859973]]

2024-11-01 13:36:05,368 - INFO - State 1 (State 1):
Mean: [ 0.46767747  0.63829809  0.12847456 -0.16713424 -0.03042914]
Covariance: [[ 0.99534888 -0.21486923 -0.47678531  0.13197959 -0.27881799]
 [-0.21486923  1.11305863  0.86702334 -0.02816751  0.30033911]
 [-0.47678531  0.86702334  1.44252972 -0.23290378  0.28934377]
 [ 0.13197959 -0.02816751 -0.23290378  1.09520009 -0.19238348]
 [-0.27881799  0.30033911  0.28934377 -0.19238348  0.60186593]]

2024-11-01 13:36:05,370 - INFO - State 2 (State 2):
Mean: [ 4.54813439  0.78802841 -0.38157758 -0.12457963  0.09270945]
Covariance: [[ 0.52980299  0.0843044   0.2411927  -0.09452251 -0.11870808]
 [ 0.0843044   1.25021209  0.83389654 -0.09822437  0.21257184]
 [ 0.2411927   0.83389654  1.60401366 -0.27918714 -0.22997616]
 [-0.09452251 -0.09822437 -0.27918714  1.14120112 -0.09207023]
 [-0.11870808  0.21257184 -0.22997616 -0.09207023  0.81476572]]

2024-11-01 13:36:05,374 - INFO - State 3 (State 3):
Mean: [ 2.19035067 -1.98269262  0.84264671  0.32603228  0.16036507]
Covariance: [[ 6.36936855 -0.11466789 -0.49219258  0.14547991 -0.77456823]
 [-0.11466789  1.52357975 -0.60265033  0.20949879  0.0806315 ]
 [-0.49219258 -0.60265033  1.61313996  0.01578163 -0.89428334]
 [ 0.14547991  0.20949879  0.01578163  1.13491427  0.41798996]
 [-0.77456823  0.0806315  -0.89428334  0.41798996  2.12668415]]

2024-11-01 13:36:05,377 - INFO - State 4 (State 4):
Mean: [-2.48368316  0.15166833 -0.7346342   0.09545697 -0.30763695]
Covariance: [[ 0.73991482  0.04000013 -0.12369941  0.01839991  0.05102989]
 [ 0.04000013  0.28406075  0.07118176  0.29543929 -0.03230179]
 [-0.12369941  0.07118176  0.18905608  0.16851447  0.01163655]
 [ 0.01839991  0.29543929  0.16851447  0.9108324  -0.01564687]
 [ 0.05102989 -0.03230179  0.01163655 -0.01564687  0.1228088 ]]

2024-11-01 13:36:05,378 - INFO - Plotting results.
2024-11-01 13:36:05,378 - INFO - Plotting results.
2024-11-01 13:36:06,784 - INFO - Plotting completed.
2024-11-01 13:36:24,458 - INFO - Creating interactive plots.
2024-11-01 13:36:24,459 - INFO - Creating interactive plot of HMM states and Bitcoin prices.
2024-11-01 13:36:37,749 - INFO - Interactive plot created.
2024-11-01 13:36:37,751 - INFO - Plotting state transition diagram.
2024-11-01 13:36:37,751 - INFO - Plotting state transition diagram.
2024-11-01 13:40:00,518 - INFO - Bitcoin HMM analysis started.
2024-11-01 13:40:00,519 - INFO - Main execution started.
2024-11-01 13:40:00,519 - INFO - Loading data from ./BTC_1H.csv.
2024-11-01 13:40:00,565 - INFO - Initial data shape: (24835, 6)
2024-11-01 13:40:00,565 - INFO - Creating datetime index.
2024-11-01 13:40:00,566 - INFO - Calculating technical indicators.
2024-11-01 13:40:00,610 - INFO - Donchian Channel columns available: ['DCL_20_20', 'DCM_20_20', 'DCU_20_20']
2024-11-01 13:40:01,198 - WARNING - pandas_ta.trange not found. Calculating True Range manually.
2024-11-01 13:40:01,214 - INFO - Replacing infinite values with NaN.
2024-11-01 13:40:01,229 - INFO - Dropping NaN values.
2024-11-01 13:40:01,235 - INFO - Data preprocessed. Final shape (24802, 21). Data loss: 0.13%
2024-11-01 13:40:01,236 - INFO - Starting hyperparameter tuning.
2024-11-01 13:40:01,246 - INFO - Performing feature selection and PCA.
2024-11-01 13:40:01,253 - INFO - PCA reduced the number of features to 5 components.
2024-11-01 13:40:01,253 - INFO - Training HMM with 2 components and full covariance type for hyperparameter tuning.
2024-11-01 13:40:02,377 - INFO - Score for 2 components and full: -182489.78
2024-11-01 13:40:02,377 - INFO - Training HMM with 2 components and diag covariance type for hyperparameter tuning.
2024-11-01 13:40:03,066 - INFO - Score for 2 components and diag: -185858.95
2024-11-01 13:40:03,066 - INFO - Training HMM with 3 components and full covariance type for hyperparameter tuning.
2024-11-01 13:40:07,204 - INFO - Score for 3 components and full: -170240.01
2024-11-01 13:40:07,205 - INFO - Training HMM with 3 components and diag covariance type for hyperparameter tuning.
2024-11-01 13:40:10,362 - INFO - Score for 3 components and diag: -175201.93
2024-11-01 13:40:10,363 - INFO - Training HMM with 4 components and full covariance type for hyperparameter tuning.
2024-11-01 13:40:17,209 - INFO - Score for 4 components and full: -160351.96
2024-11-01 13:40:17,210 - INFO - Training HMM with 4 components and diag covariance type for hyperparameter tuning.
2024-11-01 13:40:18,694 - INFO - Score for 4 components and diag: -164778.78
2024-11-01 13:40:18,694 - INFO - Training HMM with 5 components and full covariance type for hyperparameter tuning.
2024-11-01 13:40:39,047 - INFO - Score for 5 components and full: -153384.13
2024-11-01 13:40:39,047 - INFO - Training HMM with 5 components and diag covariance type for hyperparameter tuning.
2024-11-01 13:40:58,046 - INFO - Score for 5 components and diag: -169641.00
2024-11-01 13:40:58,046 - INFO - Best parameters found: {'n_components': 5, 'covariance_type': 'full'} with score -153384.13
2024-11-01 13:40:58,046 - INFO - Training HMM model with best parameters.
2024-11-01 13:40:58,047 - INFO - Training HMM with 5 components and full covariance type.
2024-11-01 13:40:58,048 - INFO - Normalizing features.
2024-11-01 13:40:58,054 - INFO - Applying PCA for dimensionality reduction.
2024-11-01 13:40:58,055 - INFO - Performing feature selection and PCA.
2024-11-01 13:40:58,060 - INFO - PCA reduced the number of features to 5 components.
2024-11-01 13:40:58,060 - INFO - Fitting HMM model.
2024-11-01 13:41:19,791 - INFO - HMM training completed in 21.73 seconds.
2024-11-01 13:41:19,791 - INFO - Converged: True after 183 iterations.
2024-11-01 13:41:19,820 - INFO - Log-Likelihood: -153384.13
2024-11-01 13:41:19,820 - INFO - AIC: 306976.27
2024-11-01 13:41:19,820 - INFO - BIC: 307820.61
2024-11-01 13:41:19,822 - INFO - Cross-validating HMM model.
2024-11-01 13:41:19,822 - INFO - Starting cross-validation.
2024-11-01 13:41:19,839 - INFO - Fold 1 for cross-validation.
2024-11-01 13:41:22,191 - INFO - Log-Likelihood on test set: -40923.81
2024-11-01 13:41:22,192 - INFO - Fold 2 for cross-validation.
2024-11-01 13:41:25,635 - INFO - Log-Likelihood on test set: -24370.60
2024-11-01 13:41:25,635 - INFO - Fold 3 for cross-validation.
2024-11-01 13:41:29,381 - INFO - Log-Likelihood on test set: -24922.45
2024-11-01 13:41:29,383 - INFO - Fold 4 for cross-validation.
2024-11-01 13:41:37,797 - INFO - Log-Likelihood on test set: -86629.76
2024-11-01 13:41:37,798 - INFO - Fold 5 for cross-validation.
2024-11-01 13:41:43,734 - INFO - Log-Likelihood on test set: -37495.65
2024-11-01 13:41:43,735 - INFO - Average Log-Likelihood over 5 folds: -42868.45
2024-11-01 13:41:43,737 - INFO - Predicting states.
2024-11-01 13:41:43,737 - INFO - Predicting states.
2024-11-01 13:41:43,767 - INFO - States predicted. Unique states: [0 1 2 3 4]
2024-11-01 13:41:43,770 - INFO - Saving state changes.
2024-11-01 13:41:43,816 - INFO - State changes have been saved to data/bitcoin_state_changes.csv
2024-11-01 13:41:43,819 - INFO - Analyzing states.
2024-11-01 13:41:43,820 - INFO - Analyzing states.
2024-11-01 13:41:43,824 - INFO - Analyzing State 0.
2024-11-01 13:41:43,972 - INFO - State 0 statistics:
            ADX_14       ATR_14  ...       RSI_14        EMA_10
count  5983.000000  5983.000000  ...  5983.000000   5983.000000
mean     32.486267   186.241372  ...    49.640065  23892.195935
std       9.377923    86.514756  ...    14.076185   4235.039781
min       8.869326    16.617734  ...    13.382617  15749.298280
25%      25.893547   129.114538  ...    39.158462  20336.233662
50%      31.810667   174.689892  ...    49.164537  23500.068366
75%      38.582540   225.895204  ...    59.774153  27589.529580
max      69.744702   676.684208  ...    91.506692  31266.486434

[8 rows x 14 columns]
2024-11-01 13:41:43,972 - INFO - Number of periods in State 0: 5983
2024-11-01 13:41:43,972 - INFO - Analyzing State 1.
2024-11-01 13:41:44,096 - INFO - State 1 statistics:
            ADX_14       ATR_14  ...       RSI_14        EMA_10
count  4988.000000  4988.000000  ...  4988.000000   4988.000000
mean     28.116474   296.681919  ...    56.149977  40623.966994
std      13.459870   104.684102  ...    11.228318   6040.249207
min       6.466348    84.031032  ...    21.710957  19760.320710
25%      18.250106   223.554436  ...    48.333676  37938.914970
50%      25.439571   283.186308  ...    54.963580  41840.381022
75%      34.301763   346.041934  ...    62.998135  43725.744043
max      74.451880   803.874288  ...    92.207767  54858.947192

[8 rows x 14 columns]
2024-11-01 13:41:44,096 - INFO - Number of periods in State 1: 4988
2024-11-01 13:41:44,097 - INFO - Analyzing State 2.
2024-11-01 13:41:44,219 - INFO - State 2 statistics:
            ADX_14       ATR_14  ...       RSI_14        EMA_10
count  4300.000000  4300.000000  ...  4300.000000   4300.000000
mean     25.642854   422.542538  ...    55.796869  64627.712400
std      11.691617   163.458210  ...     9.985290   4034.417775
min       6.936459    97.379805  ...    21.311294  52847.109824
25%      17.512124   317.918631  ...    48.850697  61656.034375
50%      23.039143   403.518489  ...    55.040293  64711.488038
75%      30.491936   500.218230  ...    61.889586  67756.573417
max      71.777471  1324.787242  ...    88.756946  73217.747454

[8 rows x 14 columns]
2024-11-01 13:41:44,219 - INFO - Number of periods in State 2: 4300
2024-11-01 13:41:44,219 - INFO - Analyzing State 3.
2024-11-01 13:41:44,349 - INFO - State 3 statistics:
            ADX_14       ATR_14  ...       RSI_14        EMA_10
count  3464.000000  3464.000000  ...  3464.000000   3464.000000
mean     38.168715   484.024794  ...    37.510864  48795.013029
std      11.944133   221.186956  ...     9.648434  14561.466093
min      12.229396   104.460713  ...     5.988934  16356.716029
25%      29.898225   338.151144  ...    30.995998  38460.801375
50%      36.684302   434.099852  ...    37.675329  44893.115482
75%      44.957483   567.278608  ...    43.845653  62330.173147
max      80.578740  1623.779373  ...    90.140839  72846.711639

[8 rows x 14 columns]
2024-11-01 13:41:44,350 - INFO - Number of periods in State 3: 3464
2024-11-01 13:41:44,351 - INFO - Analyzing State 4.
2024-11-01 13:41:44,480 - INFO - State 4 statistics:
            ADX_14       ATR_14  ...       RSI_14        EMA_10
count  6067.000000  6067.000000  ...  6067.000000   6067.000000
mean     18.071950   112.842281  ...    49.956084  24534.286214
std       4.791565    49.776602  ...     6.955265   5195.566145
min       6.600098    15.224722  ...    19.060315  16204.041841
25%      14.300295    74.643864  ...    45.336873  19826.445923
50%      17.771586   109.459617  ...    49.997130  25885.064852
75%      21.558739   150.025031  ...    54.413224  28954.744117
max      31.678016   305.871922  ...    79.477593  37788.525211

[8 rows x 14 columns]
2024-11-01 13:41:44,481 - INFO - Number of periods in State 4: 6067
2024-11-01 13:41:44,483 - INFO - Calculating model accuracy.
2024-11-01 13:41:44,483 - INFO - Calculating model accuracy with Silhouette Score.
2024-11-01 13:41:44,483 - INFO - Calculating Silhouette Score.
2024-11-01 13:41:57,585 - INFO - Silhouette Score: 0.1566
2024-11-01 13:41:57,586 - INFO - Calculating feature weights.
2024-11-01 13:41:57,586 - INFO - Calculating feature weights using Fisher's Score.
2024-11-01 13:41:57,689 - INFO - Feature Weights (Normalized Fisher's Score):
2024-11-01 13:41:57,689 - INFO - ADX_14: 0.0105
2024-11-01 13:41:57,690 - INFO - ATR_14: 0.0288
2024-11-01 13:41:57,690 - INFO - DCH_20: 0.1181
2024-11-01 13:41:57,691 - INFO - DCL_20_20: 0.1121
2024-11-01 13:41:57,691 - INFO - LINREG_10: 0.1169
2024-11-01 13:41:57,691 - INFO - MACD_12_26_9: 0.0191
2024-11-01 13:41:57,692 - INFO - TR: 0.0102
2024-11-01 13:41:57,692 - INFO - STOCHRSI_K_14: 0.0001
2024-11-01 13:41:57,693 - INFO - KAMA_10: 0.1159
2024-11-01 13:41:57,698 - INFO - Bollinger_High: 0.1179
2024-11-01 13:41:57,698 - INFO - Bollinger_Middle: 0.1151
2024-11-01 13:41:57,699 - INFO - Bollinger_Low: 0.1114
2024-11-01 13:41:57,699 - INFO - RSI_14: 0.0077
2024-11-01 13:41:57,700 - INFO - EMA_10: 0.1162
2024-11-01 13:41:57,705 - INFO - Transition Matrix:
[[9.61996323e-001 3.52816565e-003 0.00000000e+000 2.69328650e-003
  3.17822248e-002]
 [3.58193848e-003 9.79741391e-001 3.51517069e-004 1.46005005e-002
  1.72465304e-003]
 [0.00000000e+000 2.93366738e-160 9.86237218e-001 1.37627819e-002
  0.00000000e+000]
 [6.19721548e-003 2.00884539e-002 1.64465189e-002 9.57267812e-001
  6.17728180e-128]
 [3.11635440e-002 1.42693843e-003 0.00000000e+000 3.38737988e-004
  9.67070780e-001]]
2024-11-01 13:41:57,705 - INFO - Printing means and covariances of each state.
2024-11-01 13:41:57,709 - INFO - State 0 (State 0):
Mean: [-2.40971816 -0.09402906  0.41769352 -0.05797778  0.17600536]
Covariance: [[ 0.53964608  0.00951655 -0.08085387  0.00967823 -0.12564083]
 [ 0.00951655  1.29967903  0.23228999  0.18825448 -0.20326227]
 [-0.08085387  0.23228999  0.38091901  0.1329056   0.08105233]
 [ 0.00967823  0.18825448  0.1329056   0.96533648  0.01182076]
 [-0.12564083 -0.20326227  0.08105233  0.01182076  0.62859973]]

2024-11-01 13:41:57,711 - INFO - State 1 (State 1):
Mean: [ 0.46767747  0.63829809  0.12847456 -0.16713424 -0.03042914]
Covariance: [[ 0.99534888 -0.21486923 -0.47678531  0.13197959 -0.27881799]
 [-0.21486923  1.11305863  0.86702334 -0.02816751  0.30033911]
 [-0.47678531  0.86702334  1.44252972 -0.23290378  0.28934377]
 [ 0.13197959 -0.02816751 -0.23290378  1.09520009 -0.19238348]
 [-0.27881799  0.30033911  0.28934377 -0.19238348  0.60186593]]

2024-11-01 13:41:57,714 - INFO - State 2 (State 2):
Mean: [ 4.54813439  0.78802841 -0.38157758 -0.12457963  0.09270945]
Covariance: [[ 0.52980299  0.0843044   0.2411927  -0.09452251 -0.11870808]
 [ 0.0843044   1.25021209  0.83389654 -0.09822437  0.21257184]
 [ 0.2411927   0.83389654  1.60401366 -0.27918714 -0.22997616]
 [-0.09452251 -0.09822437 -0.27918714  1.14120112 -0.09207023]
 [-0.11870808  0.21257184 -0.22997616 -0.09207023  0.81476572]]

2024-11-01 13:41:57,716 - INFO - State 3 (State 3):
Mean: [ 2.19035067 -1.98269262  0.84264671  0.32603228  0.16036507]
Covariance: [[ 6.36936855 -0.11466789 -0.49219258  0.14547991 -0.77456823]
 [-0.11466789  1.52357975 -0.60265033  0.20949879  0.0806315 ]
 [-0.49219258 -0.60265033  1.61313996  0.01578163 -0.89428334]
 [ 0.14547991  0.20949879  0.01578163  1.13491427  0.41798996]
 [-0.77456823  0.0806315  -0.89428334  0.41798996  2.12668415]]

2024-11-01 13:41:57,720 - INFO - State 4 (State 4):
Mean: [-2.48368316  0.15166833 -0.7346342   0.09545697 -0.30763695]
Covariance: [[ 0.73991482  0.04000013 -0.12369941  0.01839991  0.05102989]
 [ 0.04000013  0.28406075  0.07118176  0.29543929 -0.03230179]
 [-0.12369941  0.07118176  0.18905608  0.16851447  0.01163655]
 [ 0.01839991  0.29543929  0.16851447  0.9108324  -0.01564687]
 [ 0.05102989 -0.03230179  0.01163655 -0.01564687  0.1228088 ]]

2024-11-01 13:41:57,720 - INFO - Plotting results.
2024-11-01 13:41:57,721 - INFO - Plotting results.
2024-11-01 13:41:58,721 - INFO - Plotting completed.
2024-11-01 13:42:04,963 - INFO - Creating interactive plots.
2024-11-01 13:42:04,964 - INFO - Creating interactive plot of HMM states and Bitcoin prices.
2024-11-01 13:42:10,869 - INFO - Interactive plot created.
2024-11-01 13:42:10,872 - INFO - Plotting state transition diagram.
2024-11-01 13:42:10,877 - INFO - Plotting state transition diagram.
2024-11-01 13:42:10,893 - ERROR - Failed to create state transition diagram: failed to execute WindowsPath('dot'), make sure the Graphviz executables are on your systems' PATH
2024-11-01 13:42:10,893 - INFO - Evaluating model with advanced metrics.
2024-11-01 13:42:10,894 - INFO - Evaluating model with advanced metrics.
